image_id,dataset,scene,image,rotation_matrix,translation_vector
3e30508e_another_et_another_et001,custom,cluster0,another_et_another_et001.png,0.9996145743984519;-0.012754408560241473;0.02465821795021641;0.012201415609846122;0.9996735491547296;0.022448175371336695;-0.024936481454241675;-0.022138658104431778;0.9994438712153961,-2.043170029337737;-1.41110868086964;2.7478014688639862
3e30508e_another_et_another_et002,custom,cluster0,another_et_another_et002.png,0.9999014585899073;-0.010309230662998136;0.009528529420273279;0.010341057823514016;0.999941094474971;-0.003296983968387362;-0.00949397876902271;0.003395194152646164;0.9999491672199138,-1.9235773721968743;-0.781848778445753;1.4782775408002604
3e30508e_another_et_another_et003,custom,cluster0,another_et_another_et003.png,0.9969468701024902;-0.049686559322283975;0.06023440890024304;0.053653362955285465;0.996367263237017;-0.06613314897360738;-0.056729664518988;0.0691630144823814;0.9959910755580459,-2.079698957849275;0.45446042184419183;-0.016465988319100167
3e30508e_another_et_another_et004,custom,cluster0,another_et_another_et004.png,0.9987357216032149;-0.019658935453125113;0.04626537204600839;0.013553248712411824;0.9915825619127389;0.12876463940037597;-0.048407311875843934;-0.12797479895440045;0.9905953679427012,-2.0040724241214165;-0.9425869774990644;0.32807054767337274
3e30508e_another_et_another_et005,custom,cluster0,another_et_another_et005.png,0.9942792619004501;-0.005541955412258236;0.10666787747445121;-0.0015050007965874833;0.9978270220128166;0.06587085177554937;-0.10680114384826721;-0.06565455712471653;0.9921103743039174,-2.409205475578016;-1.5487783252625558;1.5386504467389994
3e30508e_another_et_another_et006,custom,cluster0,another_et_another_et006.png,0.9249766597652864;0.18361404097791859;-0.33272220070986064;-0.2090250156370654;0.9770110550408055;-0.04192780898135048;0.3173747339146236;0.10832950790902399;0.9420923500319969,-0.34564315128814743;-0.5062033957831973;1.4627004054370678
3e30508e_another_et_another_et007,custom,cluster0,another_et_another_et007.png,0.7881131408198594;0.25393290077475894;-0.5607100491084255;-0.3006242929982348;0.9536967018983328;0.009361369961394597;0.5371244843854802;0.1611852434075745;0.827959301887039,0.9307947729718172;-0.2633841646471634;1.0656216799548128
3e30508e_another_et_another_et008,custom,cluster0,another_et_another_et008.png,0.5768514874879245;0.3013904734412568;-0.7592141620793332;-0.38418843546458836;0.9203289739896316;0.07344266941270325;0.7208617117299551;0.2493157880160157;0.6466838720794824,2.1925844896756614;-0.5224930441412773;1.7032975138199864
3e30508e_another_et_another_et009,custom,cluster0,another_et_another_et009.png,0.3255733778594532;0.33807449266918244;-0.883010539594891;-0.482759459452066;0.862426597217518;0.15219615212403348;0.8129854118855605;0.37673067544107397;0.4439917997474474,3.4404976026515888;-0.788930627730229;2.1638102613552266
3e30508e_another_et_another_et010,custom,cluster0,another_et_another_et010.png,-0.18372588111325516;0.35557261825298936;-0.9164130693949492;-0.5629281335718732;0.7262085518732894;0.39463027711946697;0.8058267289203339;0.5883784941131124;0.06673852427751825,4.282838213445632;-1.5985421221356473;3.7319669819487253
3e30508e_et_et000,custom,cluster1,et_et000.png,0.971806733932946;-0.03737116128978828;-0.23279834231891094;0.03380437512126627;0.9992422230992632;-0.019293620663390763;0.23334295812224742;0.010880067991273558;0.9723336299929486,3.365843041301561;-1.3619645446559108;1.8222416691010528
3e30508e_et_et001,custom,cluster1,et_et001.png,0.9998385818994174;-0.01116629394653621;0.01407565362111235;0.010866560409574713;0.9997163249827271;0.021194042273607924;-0.014308319615770674;-0.021037667231182382;0.9996762918801481,1.8803572033248777;-1.5445263607867528;1.9930300004078554
3e30508e_et_et002,custom,cluster1,et_et002.png,0.9657195559789852;-0.16745696363105414;0.19835297963786558;0.16158873172085078;0.9858073584181754;0.04552948351811181;-0.20316205595681153;-0.01191710619432904;0.9790726028233833,1.1300661789500372;-1.1541781753875142;1.9284016235920947
3e30508e_et_et003,custom,cluster1,et_et003.png,0.9460152646306821;-0.08373728334525;-0.31311848630142836;0.09185969700850415;0.9957084015485432;0.011250562259319141;0.3108326159707927;-0.039406172912404426;0.9496474284623485,3.620237429862719;-1.3542320383120583;2.1649234892439
3e30508e_et_et004,custom,cluster1,et_et004.png,0.9646334451392008;-0.26055247173501644;0.0399340204794104;0.2593505480127993;0.9110685126307931;-0.32045508037504283;0.047112734630216674;0.31947859829022646;0.9464215844274553,1.9696074583405379;1.2038756667429973;1.0975424527459978
3e30508e_et_et005,custom,cluster1,et_et005.png,0.5044846320185961;-0.35516643324223407;0.7869892380173005;0.5827250026532106;0.81264094496308;-0.00680190064084063;-0.6371238712682781;0.4620297601535012;0.6169292288363559,-2.7160510812140926;-0.06684492847304291;1.279367396737741
3e30508e_et_et006,custom,cluster1,et_et006.png,0.5718484683772522;-0.29340256337112053;0.7660967726220013;0.37864570424869465;0.9228304540072492;0.0707911280513627;-0.7277477309264527;0.24959745384124007;0.6388148019319599,-2.542293347604185;-0.973287217402879;1.5308375258992633
3e30508e_et_et007,custom,cluster1,et_et007.png,0.5175784495592856;-0.32478406664589;0.7915982937101141;0.4457211083804613;0.8920603443446194;0.07457235139012379;-0.7303733580134882;0.3142350268520635;0.6064743241089303,-3.21077390959083;-0.5105701840424117;2.0575561091799104
3e30508e_et_et008,custom,cluster1,et_et008.png,0.22606686295137468;-0.4657153448283797;0.8555717334430281;0.6720045519252303;0.7104037120256196;0.20913260896376495;-0.7051976004405395;0.5276701465229997;0.47356157023274303,-4.435855984317364;-1.4913979229458645;2.378402535057351
3e30508e_outliers_out_et001,custom,outliers,outliers_out_et001.png,nan;nan;nan;nan;nan;nan;nan;nan;nan,nan;nan;nan
3e30508e_outliers_out_et002,custom,outliers,outliers_out_et002.png,nan;nan;nan;nan;nan;nan;nan;nan;nan,nan;nan;nan
3e30508e_outliers_out_et003,custom,outliers,outliers_out_et003.png,nan;nan;nan;nan;nan;nan;nan;nan;nan,nan;nan;nan
